15023
26955
21495
8455
587
12336
21392
17648
27883
22120
29658
1197
14132
27402
6697
13799
27374
14844
30158
16395
15277
23445
14359
10328
14822
16853
5552
27791
14232
30315
8600
9414
19007
3202
16622
28692
25439
18
12367
11193
14803
25920
21195
5726
1946
5342
13285
4526
21945
28407
18065
23432
26943
25124
25639
27389
3757
7624
19573
12740
26242
6244
25669
3391
25188
19136
11710
21299
30921
24044
23439
5682
26237
21946
25466
6071
4840
19153
25987
1624
13336
5060
15743
32417
32159
1357
14618
23830
407
2601
9314
23023
6248
3175
28099
16462
22637
4838
31330
24759
8318
27739
26401
15281
27004
20060
403
29104
23886
19377
23026
17173
10532
3010
6029
25488
14523
32585
20193
21686
13432
14357
31230
7244
22846
10634
14412
3954
4555
20006
16480
27013
8049
23712
5698
24330
12360
25122
16035
20851
32142
7316
21735
2497
29530
14633
23396
13253
702
17476
30770
16634
26163
17990
23903
8136
10919
23852
2442
27874
2322
4754
23420
25206
19656
1566
13196
15548
4343
20726
29906
14760
20288
29740
6865
17580
973
12464
3430
20116
27813
22386
14782
9937
1284
32634
18813
27140
16086
28149
31761
22295
17433
19846
11620
5301
10552
13481
25607
15961
20309
3138
21625
28116
31124
6105
18108
3403
28449
26944
28719
17945
5100
444
1017
24518
26646
14667
29107
12245
21369
14024
7381
31282
713
24616
7690
20341
16731
23866
18699
8857
28537
2492
10020
24698
3980
12749
7124
2261
31338
23309
27690
24779
12682
28560
25368
29165
2413
4680
27557
8679
1088
15715
15844
26022
12433
6346
13832
32256
13881
6234
16266
12500
23114
21639
3457
4944
29296
8244
20128
2668
21047
10746
24803
22526
6861
6976
8180
22736
20723
7134
5902
13726
19329
9049
10700
17371
31777
6644
7822
13774
5245
14914
32332
26196
9678
2650
20459
25559
25192
20129
20555
8896
1427
4750
21938
12900
17296
12608
30764
17276
3411
31216
13789
31458
5627
12627
17318
29837
1999
13695
21286
28507
32342
58
3076
1660
17696
26806
10458
3656
19068
5845
3452
21165
3943
22234
9868
13199
8237
30992
7944
132
25983
7764
23891
30781
9021
31655
5178
10490
21699
31538
13073
15212
12282
26365
4968
5517
5700
20330
24908
17999
870
10943
31018
16388
32498
27191
376
5754
25066
25334
5980
21158
19265
11827
11474
19106
27010
5078
24543
25290
23552
15327
27309
13064
23863
29920
11665
6464
23921
13157
16771
11600
29990
10303
23652
16953
14426
12141
19353
17481
17984
11847
15086
30780
11730
26755
30312
10293
20074
13537
14438
25144
2654
24662
7204
13039
32749
1441
1182
26097
24599
21616
22609
20714
3564
7727
22044
32731
9935
1212
9568
30038
32558
26231
19926
18415
25077
27004
28161
17269
2843
20839
32564
31854
16630
2791
32092
18037
24770
2473
30805
14046
22338
29098
28698
26407
3923
18261
19040
11026
19132
10506
3192
18816
13003
1853
30362
20075
10047
18241
10480
18481
12408
20606
18980
18269
20840
12448
8432
17710
4285
16982
22379
21463
6141
11435
18611
12229
25405
23599
12661
19530
25776
2122
3893
379
30001
11484
26844
31802
6900
23723
3833
9913
32596
7605
3302
4801
29719
14261
5631
16373
15965
27802
9679
31757
4464
3255
25914
30003
13295
19180
8472
27606
28235
8516
16918
1310
15849
15817
8704
29296
26761
21882
30991
2722
19808
8933
14255
24330
13212
3366
32515
28838
21360
5680
27412
12157
3840
27817
7826
22746
2282
3141
24867
31141
28064
26124
20248
22244
16834
20326
30637
12578
31399
17060
23450
8285
24543
30540
30405
19726
30373
909
27144
29541
5921
11358
3785
32342
25962
15004
12762
43
17132
25798
23342
27439
11977
19610
19439
5616
32096
19296
18418
500
3894
27926
30000
30820
8667
20663
16142
31928
22664
8083
3194
23732
22641
15014
14274
31565
12727
11128
12458
1873
2867
26464
4599
14301
22822
2818
30587
29560
10157
32682
17962
15125
8406
5434
27425
32186
7104
4364
29250
31376
14213
16971
8551
3831
13064
31414
28988
16854
30271
24525
11357
14530
30027
22087
31474
30717
14525
15477
30213
25392
7063
11718
22238
25632
7283
28005
17215
8729
30085
17465
21017
15483
31468
23505
17554
7162
29876
745
21232
10509
18991
2261
5805
24900
27959
28980
18644
9106
26013
25229
20270
5963
31638
25862
4816
15493
28067
13608
108
1126
24881
32260
32606
15791
26461
20256
32582
7842
30428
12111
14260
12037
6694
26008
12019
655
9128
7601
28823
6425
3083
22714
22898
221
1210
10693
8461
12665
23351
21472
16441
6959
25554
18077
12411
2177
31664
5424
10709
6459
18236
28959
23509
13083
26635
27873
21768
12701
29869
13768
7392
4051
13764
30029
20846
18301
9099
19570
6968
21941
6711
14730
21668
4910
19992
22084
18988
21226
18760
20034
9258
587
22136
6907
11652
30773
2037
4005
18003
20880
804
3512
31127
1405
1677
21930
17799
20282
16527
8796
6300
30857
11894
28672
16864
31667
23893
21500
27894
21048
1587
7541
19145
7576
16955
24971
13703
21848
15714
16098
12586
26567
28354
22279
10539
29126
12207
19437
2621
29602
21990
11223
2990
1355
14203
18085
12369
13286
28913
11800
848
18883
31726
28699
8896
5610
24979
7168
4150
8090
31385
2639
7802
11224
6935
15963
29823
31683
30667
21450
18668
11012
21053
31362
12473
1896
373
32570
5329
19557
13685
21892
1335
10312
13922
31692
14396
12837
16233
23340
20702
29164
29091
24608
3534
27838
22775
6700
5211
7244
1367
15052
17883
22048
7862
29024
3598
27524
24562
16996
30549
5309
23895
6772
28737
22895
25951
24296
8789
19161
8386
28434
12777
3945
27009
24528
11770
18661
20493
22391
27870
8611
12771
21104
3488
15248
7415
31209
29364
10210
11890
874
20638
30287
23051
20184
30052
8403
19819
27390
31690
22809
16747
5543
20531
25978
25363
5069
10700
22504
30625
8839
8862
1377
32010
29398
29209
27231
19383
734
397
9889
13403
26731
27055
5079
25883
244
27219
8194
994
14527
10421
20720
31942
1033
3924
31799
10792
32304
8705
18688
24048
408
32321
14238
14086
9956
25476
12659
11369
24584
23664
30595
31417
22489
5599
1540
9898
933
30897
26943
23795
12767
30000
17662
23536
9815
14667
11510
32460
20402
30906
13832
8911
28971
25515
9378
21832
16070
3662
24183
4327
21878
26193
10437
26951
20950
29133
10151
7505
24205
7727
20138
22056
5100
8733
27244
1636
14814
27383
14280
26010
11300
18364
25785
21504
28404
31573
11595
25381
23895
14659
1919
27171
21609
30550
30149
11398
12536
8851
18
31450
14285
13954
18197
22123
16235
17705
19426
14559
32409
19341
14014
8652
30796
4024
17590
16642
10902
8352
11278
681
18998
27292
19441
32199
25952
12116
28141
2254
25271
11666
32620
25169
23789
10008
20824
11444
10909
30126
7550
1833
21687
5712
3324
10058
6142
29212
20837
5850
30926
20064
13705
22340
325
6958
3134
32508
11110
1222
10595
28758
16328
4198
24495
9569
14150
30879
16332
13711
27339
28767
11396
13564
16245
16642
4135
16345
30872
2569
32226
12314
8980
15015
28738
18448
25329
24524
30133
4466
11691
3237
25505
5934
27202
21298
17957
24071
16145
18304
23012
20696
16903
39
20592
9059
29834
26904
28151
7001
5296
29278
6838
18522
19110
5437
31818
15252
6750
27215
17340
7812
14217
13426
23155
25919
25140
32377
30085
6095
25625
31292
8129
31100
24944
14695
25089
24159
3398
12209
24094
12760
12716
15887
2145
26388
8592
5295
9057
3662
28299
10274
4361
4390
7624
3847
23116
21882
561
1639
31032
28461
19935
18202
7041
31281
25527
19851
8955
21416
2808
16246
13762
2169
25083
28283
29600
11890
4703
28954
12404
23786
14061
20796
25353
3003
25202
24121
17452
31318
31938
29225
4436
25788
14039
9292
7624
2940
19261
27767
7545
6064
23178
17000
4677
18461
4614
29205
4022
10235
862
20094
2156
10210
6527
10107
13478
20733
15565
24296
3935
27443
5190
17630
5625
21657
11920
6461
20868
23014
22875
5578
11090
28898
15332
15689
19363
24709
30634
24987
23645
2546
6978
23747
12548
7090
32506
7794
28878
3961
1709
31175
8416
9430
31233
11526
1433
14913
13709
797
12272
31947
13714
24593
10711
7984
12941
5263
1217
14285
12398
16894
13685
28348
7913
5487
807
10382
9795
21164
18249
20994
21498
25815
5116
21025
12831
20948
27460
1570
30981
30908
21671
27321
22126
32175
3860
14578
15988
28579
27906
15417
102
21899
17710
30667
22976
2883
14160
4985
12760
31747
30353
18927
4204
21321
1661
13947
2652
23273
11729
20031
20802
7728
10861
4583
11021
7951
23333
1786
19589
26448
31086
28146
32265
17756
23583
11726
25959
29889
20447
29666
14830
32630
17084
4893
5014
4061
8807
14518
2971
9348
9622
29971
3049
15718
15145
9247
12709
26566
12706
12307
1326
16923
14695
30231
15223
8429
22403
10377
5832
25354
24871
32647
6617
20623
593
20463
12658
30467
12829
22665
16571
28401
16541
18077
17072
25091
3049
4314
12168
25570
19412
8191
30461
14504
31559
7968
15056
24108
18899
23632
11982
1251
32751
25365
14541
21383
30414
9192
9696
19665
21846
13981
14731
9466
22650
20425
21713
10332
28205
8797
16007
25510
25560
7902
9416
25905
13597
11944
29475
23040
32295
21602
14863
26875
3073
14552
3064
1664
4763
17590
21158
27679
7216
20698
19156
21955
10997
2616
2348
21908
7367
9847
6537
20338
28471
17878
12448
9790
20920
26023
22765
2856
12682
4834
29526
13256
25166
8791
15454
28017
18076
23121
7805
27569
24588
31168
2608
5079
12181
2457
19461
1053
26529
22051
25272
18657
27759
10642
32350
2395
22344
27280
28311
7166
29277
23137
15452
3952
18735
23743
11286
3108
16258
15485
4260
22854
17339
25363
20945
18610
22972
1539
26997
19522
15733
4383
25528
28154
22205
20325
13928
9907
153
2903
10873
13270
21336
28152
23893
18210
20187
16150
30906
13920
32597
25884
23583
13994
3683
15912
30335
22898
30396
1912
13138
27746
18907
26748
32347
16403
27735
3276
31528
18344
5761
13359
20150
17307
6740
23598
5509
28691
6507
27982
23192
685
26023
4412
18454
14777
31265
22345
21709
1697
29370
11927
2402
14300
2000
4534
2311
23657
11130
1447
28005
13062
4701
21153
5006
287
21216
3926
5967
318
26274
15699
19464
32608
15072
26930
3410
19137
3128
26876
14457
26251
22301
29691
9219
25951
3190
22481
7391
14856
12855
3965
12459
27510
12911
21275
18332
1510
5587
31068
10608
14635
26870
5442
17210
24359
9573
16766
27737
3329
25352
21697
27648
11811
11623
5145
9030
1189
11824
10517
17944
10028
4678
28855
7727
26849
24705
27384
7313
9322
25359
16896
12045
8655
27442
27107
21236
15993
11116
27882
5183
32471
7232
31129
18842
27248
9749
8
19481
13608
658
30141
705
28565
23437
23312
20452
13935
23807
9378
25348
15692
6354
14921
25315
30842
20969
16947
30746
15560
18090
31130
8881
20270
1128
7049
3857
22108
24407
1244
17373
1496
30753
30436
6663
31379
4037
1773
24885
2827
23958
26293
7135
10660
30204
5410
13305
25493
2679
20226
16706
6532
25435
8159
10646
24292
7960
7731
23287
12668
28975
28251
20266
4493
1157
24309
31385
3753
20914
22677
19261
27133
2255
10771
30284
16980
28693
8817
32349
21973
18412
9673
951
15299
19777
5060
25569
7444
12498
27172
7897
23466
13695
29073
3912
26656
19783
10607
28708
27747
9623
12755
17843
12662
202
9420
2389
19538
24385
29807
26793
2701
28091
21666
30059
5596
23050
26717
32637
3238
2369
11331
3251
5668
22516
6053
11383
22307
1225
29251
23047
23655
6354
22977
25202
25271
7095
10958
3382
9417
23901
22545
25525
18656
15104
10798
4306
2130
7111
27970
11577
9224
21421
13623
26036
15758
30304
22762
5673
32093
9421
19339
23524
7653
27812
19693
13396
10428
29606
22694
20723
21520
5239
15778
5801
22037
13427
12744
32515
30408
6202
16395
19987
1231
761
31134
19869
23113
4225
21712
21782
25629
18876
6432
16446
26138
21542
21553
9071
2227
24718
13553
23224
5861
21654
4096
17289
5965
593
27280
17340
5362
27963
3673
7272
8702
1642
18706
23707
28424
21653
11783
8634
24154
16183
23903
17685
8101
18446
19755
6271
4781
21245
32472
19845
12223
16763
20348
12732
2291
12775
611
28023
30164
26351
10720
2748
2345
909
21950
28400
29691
10011
32134
13323
32692
13461
19639
21826
14918
1557
5610
21248
19891
19020
26371
8520
21702
27297
7164
26461
18838
23655
16302
1704
22923
26536
8443
24945
31584
14738
20873
13941
27019
23934
19881
12508
29761
4441
3330
15277
1520
3011
30627
10789
6505
3687
24199
8582
16096
16251
29575
25341
2062
29344
13120
24559
823
17166
31246
28027
31871
4711
26157
19894
5701
11316
26715
28650
3375
23511
19952
29451
30880
8282
9618
19218
16217
17028
4530
24574
27755
2372
2278
20951
15308
2800
16546
438
729
19561
17353
4595
4487
1730
21754
3394
14058
1166
20661
19341
21869
13042
29047
1147
23922
14638
11677
18351
28586
19624
20707
2483
29256
31489
12299
20197
27380
28572
5768
26234
275
9930
21940
16570
18793
23090
10141
3640
23158
7374
22912
2047
9800
6306
3659
1116
32371
25825
13433
9867
15281
5885
26891
8353
24940
14200
30871
16428
23014
19509
32762
17361
531
31570
2536
7353
406
17306
25811
780
25449
14900
1143
26407
31481
16340
7030
10410
31136
12573
14191
3813
5559
23103
15250
6176
2509
8481
9836
7676
21302
8123
28629
23734
27063
9143
25750
21414
3164
15960
16651
30973
18890
11902
10178
2694
10000
17237
20283
27720
12017
11212
6073
17099
18600
26999
22801
9834
8594
5994
2926
11859
5390
31811
17231
16497
24808
32036
2066
2373
12225
28136
21037
21804
436
7250
27390
2636
24834
30899
26182
22756
32069
3971
4993
18887
27655
6396
32017
4639
24573
8577
17860
4847
10612
19673
3229
15122
27229
18276
10732
28204
21774
23508
23455
24554
19445
6781
11715
13918
1995
21258
27781
20451
2080
17164
6088
4255
27725
802
28345
30471
4724
12959
16946
14284
30563
16083
24228
13412
13417
6340
6884
13176
26312
11894
5951
1102
27109
5986
30924
14851
26324
9475
12584
30056
15044
23969
5025
30110
7869
19773
14844
32484
21382
22195
11891
12770
13263
30932
18540
20400
32632
18419
25602
1230
16422
19348
6480
32429
11718
25268
16599
14166
14090
18742
20064
19960
9275
16074
2130
29061
2081
29438
19147
13126
27572
8666
8247
15900
19972
17088
30119
27700
6563
16131
11816
2724
28204
13205
21144
22124
28589
7921
4051
14935
16972
23923
24740
29258
11956
602
11989
28580
8431
23978
26378
26145
17374
22456
8482
1330
24947
31405
7195
30032
492
20413
10228
21633
2589
15110
14129
15650
24361
15560
7836
13486
12852
16157
11025
4327
1269
8814
2558
11224
6541
5965
25859
18448
17690
29340
7048
7934
28987
13088
18168
6406
32332
26937
30757
30079
6222
27141
11386
16755
10860
23289
19440
12465
2973
9693
6219
5330
2647
10481
1127
19299
1388
6687
2133
13003
1428
3277
10821
25624
9638
23704
21565
5855
23396
23848
15666
15809
9872
194
262
31040
3109
30630
23550
16275
32512
8925
913
31865
15329
25963
9901
29387
5565
31037
17048
23449
23865
7143
620
21453
2441
16423
4739
32568
4446
32686
13792
11458
17054
26346
16796
13507
7889
19598
21424
407
11300
17862
31877
21948
29903
24240
6352
18584
5058
865
1982
5411
19771
7872
5202
18449
5577
26781
29888
15240
13932
5024
15755
9205
27523
1744
26622
6328
10089
7585
3084
1153
1038
23427
16592
25801
32559
9283
25547
19251
16908
20862
26042
18621
7030
12889
12925
2122
24420
27672
20616
14363
12181
8766
26807
6222
32074
11315
27004
264
31319
1778
7752
12278
28930
2390
14471
17540
3516
32584
28510
9695
2992
4325
441
22518
827
23481
5201
10147
29405
19864
1029
6269
1947
5832
19442
13709
878
30817
24452
11533
3439
16973
3596
30022
26814
13110
20401
16840
3297
11221
24870
20537
8214
14983
15603
13798
18725
18910
24816
22085
5785
21811
23021
982
3115
13574
23243
26216
28783
21631
14275
13017
29350
4703
20077
30636
30685
11059
27236
2082
17962
16685
17447
8802
8662
11080
11943
11555
3459
26111
3451
24398
12784
23268
24097
7185
19025
25795
24889
14721
483
14027
7915
260
24122
549
9108
32333
11960
23429
8491
24561
29214
17899
32648
5794
16462
7846
30131
146
11858
14978
26092
12557
31215
1887
4347
29110
6754
15995
23152
13868
22846
12437
12663
21382
19621
8180
4414
12846
3013
2995
15820
29804
4698
6665
6904
20921
729
7604
14702
9387
3797
8113
15494
19704
22372
5288
20957
13840
11784
26470
30383
10905
30436
14271
13786
13825
9379
29420
5486
14772
11823
19121
26023
21672
6882
15923
15183
5949
24988
5563
19305
31187
10633
9790
29956
64
13954
25885
10144
9785
10811
15971
1955
14211
20752
13540
9560
23449
24414
23227
469
5439
6435
2420
26873
25048
27197
7874
3779
29515
25765
25832
30162
31805
16398
2366
5351
1796
25062
7822
12545
26342
23255
12036
32726
31251
12878
18817
4819
8812
8283
26683
12255
32252
548
17555
23990
9498
2896
26573
31918
15152
2938
19694
16736
15282
29728
4977
12875
12490
28474
511
10925
3696
4614
8774
15891
6395
15519
10343
21612
9790
20600
16497
30923
7640
31482
21873
4664
16467
10708
27422
15647
3406
22148
17204
15224
8054
15886
11015
6339
21923
30531
9695
31525
30047
31037
17659
29723
27020
8649
17620
32654
2875
28773
18001
16309
8327
23851
31109
21819
26628
661
17015
24300
5027
24558
22542
7152
22880
29963
22813
9412
28867
23619
22555
3340
20587
26867
31492
5837
7023
25098
15440
18887
27204
22567
3660
30059
2608
29281
24462
11338
24975
17724
4420
9459
10878
23292
7701
19280
14470
5524
29630
3506
26808
15957
24859
28066
26449
8326
32427
23814
29643
14037
692
21669
30436
15956
11826
7787
22947
3704
9547
14413
4727
6630
28085
16483
24142
8727
17465
10406
27310
9139
4942
7397
11282
11359
20885
13125
17457
13569
5825
10617
8836
25270
15712
13792
24577
6700
1267
9877
19250
28802
3879
9815
24274
20488
6893
6485
28545
13576
16915
15648
17784
31044
8867
10103
7951
25385
24623
23174
12587
22442
6204
15818
16260
4221
23104
31435
26259
27514
19200
10028
6109
23917
24835
20593
2043
13402
22449
21979
18630
5481
30332
2886
25989
23102
29836
22461
22336
26184
7671
29615
12287
14907
15588
24142
2052
24114
21844
20617
28852
28251
22984
5721
30818
16907
7372
21103
7114
9841
25268
23047
13889
3389
16218
29931
15140
1040
27145
8387
32
22585
17871
28970
18940
30159
14976
20262
830
2044
71
30607
32706
21694
19536
27604
19646
31130
18993
9342
10089
8142
21713
14888
24940
11554
28402
30187
26507
1173
32699
5587
5535
21706
27879
20757
6346
15029
3513
15077
28172
6768
20077
3494
11448
9694
25574
27711
20869
15725
3568
10308
22535
27515
9241
13384
15709
17409
19948
2538
8440
10348
32333
6278
20540
18967
26690
31659
23738
25229
19919
12118
1738
26690
27989
5098
17909
13343
13275
10131
16776
30878
2144
7269
23772
16974
17469
23459
26195
32646
23981
17991
2399
29066
21517
23211
18434
10641
6832
21907
22463
25181
30328
4023
26640
20649
14460
12235
31606
7776
26201
2167
29592
23404
24670
23096
17093
25260
17442
20406
24843
27015
22275
19713
22859
7709
19498
9551
788
20602
18508
14445
21264
26161
29373
9581
15013
18526
20281
28004
24189
10722
29178
31503
14596
25445
8516
5995
19088
24307
21505
21085
32256
3028
15131
11575
21078
15860
9519
31424
8099
11968
3673
13033
32732
6962
7496
8976
11392
13894
22863
9786
24368
3310
12433
16852
27543
15455
8465
7209
2302
10292
15340
19434
11418
22738
523
27375
15435
6462
10
14705
25063
11174
19062
18529
8746
20811
26060
27094
5074
32057
19111
21007
811
17412
7585
23850
6496
15014
11384
17446
23476
11555
3061
12685
29316
74
15396
14664
20580
8634
31261
8992
26127
9051
22761
23037
5314
27978
25232
1762
14747
3732
19391
15407
32422
27893
31070
22902
2717
32334
1291
19309
9206
17980
16709
22847
30311
10067
27272
19519
1984
4983
10082
19825
22685
23208
7777
13949
27070
26793
26460
2173
59
32665
19349
29038
6063
5156
3125
8046
9873
17088
6270
6667
4291
16688
28641
19917
28976
19739
28085
18196
17719
15253
25379
24100
22930
19136
21168
19825
903
17171
28119
2622
16680
19375
3433
8947
22979
12161
1720
21126
2573
5158
9335
17774
32723
9712
31162
19374
12948
15687
14925
21180
32163
5812
14715
4450
3971
2234
3219
25399
21663
28470
30204
16476
32720
20854
30070
15008
5269
2636
14123
17377
14875
2916
673
23877
14027
4890
12720
20178
25553
24760
4724
13982
27092
9133
3674
3311
16735
30446
11935
28474
29359
1356
6444
19361
32311
4316
6956
12587
20601
24511
7750
12722
28183
18944
5865
18110
16104
16087
24941
25457
13065
17372
25360
26705
18233
13504
24457
21014
20250
29412
7726
8490
7430
18412
12371
17809
30267
22467
26222
25986
1391
22299
21916
11169
12812
20950
32137
24538
4029
32452
15497
27709
20073
11152
16604
653
7954
11050
8875
10151
28933
21752
12808
30813
27424
21504
4645
4885
9176
2327
29747
30195
27198
23083
22963
18453
3771
15853
28086
28098
7036
12680
8392
28787
23395
32002
20077
7840
17048
17670
17179
21366
11082
24412
27172
11494
30416
1619
27239
25499
12221
17878
14351
1509
23551
1993
24973
10696
11927
31654
30205
31341
19216
9795
18761
10188
4261
708
27012
31014
30398
25785
32458
20807
13122
1733
15070
25881
170
14543
21445
39
19892
10153
28297
5401
30713
22086
25456
8902
13395
25832
197
22237
8736
3872
10132
9133
31539
7539
3033
32678
12694
19276
14744
27095
23877
6468
26537
13438
32304
13106
16243
13435
17414
6771
11018
20362
8671
4758
27755
15584
29372
13945
3996
8307
9248
24641
4341
31057
29740
5480
15350
12695
26837
14648
19103
21360
7899
5393
12435
9025
13651
3658
26813
31618
23821
19372
25471
29024
31829
26377
11004
17668
24480
18188
15168
13466
14557
1530
8411
24459
21636
31770
15275
30855
2824
30532
26804
7947
20147
28620
1298
10855
10226
11986
14380
5364
21687
23020
24264
29717
27531
20214
11083
7700
20346
8728
8555
13420
18094
31435
645
7137
31195
26546
8562
26717
3753
7819
23425
19727
28149
10153
5828
19362
9550
19814
5779
14865
22070
10371
28521
349
10700
11804
1525
21630
30419
15077
25581
4873
31999
29677
8821
30547
14473
19548
852
11235
6681
4311
20115
17141
3462
10411
6095
24537
18908
23052
32089
5384
31677
2007
31345
16071
19702
25197
15300
30807
23797
3959
7471
7637
15820
22183
12008
20829
31568
30383
14125
8331
9986
10305
25618
3272
16251
20810
11072
16234
2248
17933
19672
7481
21079
10472
25917
13291
18672
23809
2315
2265
10209
20117
25595
16047
10394
19930
24725
2512
21466
22737
8801
16476
6068
30940
28187
23668
6297
15597
16127
4347
11552
14721
30428
10767
25642
23876
16438
16223
11920
11962
32468
22312
9331
16210
26019
30863
14327
23180
26831
16060
29381
4531
8480
25438
24655
6810
16427
3233
22648
29311
15374
2651
32261
12616
11541
27614
28213
3996
28862
30363
26349
12406
14446
6399
23411
7050
18854
148
17829
29415
24845
25522
3528
30719
14980
26154
10639
17155
20082
28289
5491
21945
1106
16883
2261
3249
32304
8068
14281
17808
11455
32580
28935
14087
31695
12036
26381
18917
31514
3649
31223
32758
10549
732
29544
24488
25946
21472
26820
30844
12913
16333
2200
52
100
28089
16064
744
1183
7293
12383
20850
18533
13321
3058
31336
29267
23791
4438
28692
2349
15488
17981
31029
12213
21607
31281
31343
20308
29189
30188
5934
1711
9758
11804
27832
27152
31569
22523
25417
29817
25608
8745
24735
7016
28634
30799
16909
12049
11302
12930
11384
19094
23435
11836
15134
28962
16006
7107
16279
8114
3120
28863
22439
12970
29117
23388
16012
5461
20162
30014
5392
32233
9107
22932
23456
8071
32109
20764
23711
2581
17409
29091
13094
19245
6324
4546
2837
25146
3473
23966
25163
18792
31575
17121
28363
31468
20526
10803
19528
10306
10911
25563
24784
17343
110
29985
7627
8973
23888
29825
5263
24150
11678
5933
21592
12858
14326
7261
24319
1486
21245
4744
19210
17327
29621
18440
12271
19356
14395
18075
14418
16494
12279
15012
16220
22925
22804
3197
4962
25902
29136
13600
28309
18568
11429
15436
28522
24553
28278
12798
14614
7601
9709
17400
1070
4702
9570
27255
25769
14470
11713
10017
4268
13820
24861
29513
6037
27832
23405
30581
25637
32110
3770
11465
27884
6016
10978
4628
6801
26345
9898
5808
6985
12065
24507
7513
29220
25005
18966
11980
2955
31416
1868
20052
2944
20345
26647
3002
3466
8221
6669
2092
9420
198
28473
19920
21678
12687
16846
31297
3929
22549
2928
14587
14460
1935
24552
11454
3835
15402
13349
5480
4964
25057
19054
13433
5692
29478
5549
17625
8897
29052
16383
11326
28723
31696
26151
12513
19104
4839
18172
935
7906
22224
4519
17341
30627
14094
10682
19606
11886
1091
7152
24901
14161
28381
14754
2844
3905
13104
18216
15858
6552
31373
5870
7250
6362
24539
20117
15969
11481
13993
20780
28477
21710
28917
6081
18261
24237
26811
5574
13333
3038
18454
23230
18716
6192
7520
19422
329
52
4366
23764
15518
24587
18139
5594
28541
6328
9919
5029
28947
13396
11133
25033
11889
12417
9811
16928
29532
24047
13662
24573
13210
29712
29939
9737
18786
26712
12109
6584
23809
16035
6857
14440
30715
9684
19243
5148
6282
14187
6943
20734
31141
2740
2495
10787
12283
22318
18598
17894
15364
18819
25756
457
28550
363
16097
26615
24222
1679
16079
20247
6487
31574
32274
30458
22858
10643
4799
31008
31488
4986
31060
16561
30215
27886
13053
18946
5063
6941
22035
12953
2169
5361
10549
9885
11591
17881
18231
19176
8287
30034
13007
29750
10548
26451
14875
5880
10954
491
16590
28605
3882
11713
3218
2080
10638
30923
7904
18881
22826
348
25741
2415
11136
12683
15026
11282
30004
32207
31820
4215
14913
10300
20449
28461
19575
28718
11305
322
25357
6131
7296
17285
11584
6127
32213
26398
2953
10613
27629
21751
27846
2469
2064
28816
9136
13295
27869
24865
24602
30413
13563
27969
29871
13772
1472
21658
30947
21082
25353
8155
11903
27756
26665
8178
28336
597
17286
27911
13393
27535
10079
6014
4637
29217
29725
18880
11924
11116
108
28069
13258
14157
19396
26384
834
6157
9757
24204
3874
21428
31783
10268
1215
20530
11328
17902
14583
15699
27052
22024
26182
14570
18204
23282
31374
23321
3430
20484
31885
11760
7276
21051
26650
12976
27893
6944
4186
23444
3941
22839
28081
17806
8292
24933
1434
26035
2645
28559
18746
18261
15056
933
353
21282
2986
8592
19850
18745
24124
3054
32287
30892
3412
17066
29675
8718
30956
31912
21537
1723
990
6985
31707
3858
10698
11252
19818
12183
14220
2572
27902
24111
14470
9249
16077
8988
23307
30510
4614
5884
10393
1127
13236
3094
14006
6554
5932
6277
27006
30531
5802
11468
19129
3172
21791
10669
24063
25441
16305
9603
29809
21528
10694
23843
24903
13390
18772
26709
31013
13823
16373
7162
2521
21427
23615
31665
25008
2571
7928
29989
3967
10379
29961
20909
21016
18108
4596
20426
8449
9511
21887
14601
18612
16399
23307
20261
16259
30280
9239
1877
4520
1652
31351
15655
1600
9766
12703
2084
18737
28268
5733
31260
734
29031
16974
25703
32757
638
28706
9487
22008
17521
6438
27078
29267
21750
7412
421
22128
5840
27937
17001
9451
4565
24048
21741
19165
7786
24964
22280
5518
20311
2961
8002
27238
6309
21736
3623
18543
4562
14442
26420
22055
30636
5373
8931
1098
15779
20464
28564
5455
17852
2954
26061
5026
10026
3249
27613
9454
21590
12252
16517
386
12778
10334
31349
29476
5524
30554
25381
24670
2821
8305
10766
7039
27720
4455
18215
29347
27745
10726
5094
14555
30714
5565
31419
12453
26605
21573
16659
1611
23073
29624
31901
29568
934
17913
9991
29451
31262
7997
4766
31955
10423
25193
7691
8466
32724
25061
15978
18670
19842
19592
5334
8738
1142
2204
26834
24089
6260
11276
7834
14875
7133
5225
21568
30458
16595
5636
8667
23268
25723
5532
3878
20612
16510
21315
9097
14103
32137
31486
4565
3820
19603
5699
10215
466
11345
18220
24470
10683
28096
10349
20130
6777
20238
24016
13739
9939
7608
30526
12671
12883
2773
26653
31629
16159
20810
2153
28647
20536
20086
700
8707
17224
24984
7226
21498
4410
15204
24833
23602
747
22957
17951
24976
29088
31748
14003
16228
7386
31898
9059
31909
27205
31147
7686
23456
1781
24660
29555
13494
29385
3910
802
28990
15871
32124
32220
11837
22294
5106
15658
26583
9586
4921
15952
13959
9235
4983
16370
25560
12425
11497
5152
2817
10258
29545
15600
26261
2925
18576
977
18342
356
28718
233
32682
8836
13969
17365
6016
8168
28891
1312
12272
25278
1357
24423
1556
22845
26189
28163
16970
22659
18317
10192
1105
8952
8615
150
7553
13742
4030
22567
15015
24671
16555
20584
523
25034
21711
9051
32219
26760
29047
28531
7397
8801
14925
21124
1416
30939
17893
30377
31135
23539
24511
10810
940
16331
21304
22624
12867
28668
12570
26383
15309
23888
23780
22394
11926
16847
10634
18742
16507
30046
17236
3143
16970
15894
15093
22513
12602
11165
29511
30164
3290
29521
32431
17052
24081
1838
15020
8414
32609
5639
18898
12712
20256
3905
4441
2552
12470
17689
17937
17002
232
15242
14319
24681
13227
30996
19224
24697
28887
28191
25727
4363
12884
24315
23741
9867
6125
573
6535
17298
29662
4997
11640
22060
15141
6213
6837
10699
29210
21953
12783
28446
20875
22528
2691
20390
22688
9678
12805
11867
3618
2865
28967
3372
30840
15634
5203
3996
2388
4161
28506
18682
20133
29217
9287
29918
28435
7785
14813
13575
10149
8114
5345
27512
26389
23824
3657
31645
18142
20946
27274
14488
21678
13150
2338
18951
14485
28370
17356
13361
15432
28454
26366
31270
5997
6339
27676
23558
25888
28196
15873
28134
29189
28812
15757
7526
20966
2097
4369
14229
27991
8590
4858
13805
3692
4515
9027
12859
1058
7322
7054
11231
24127
19082
26602
23691
30257
22146
16022
16129
6987
12463
19964
12332
29581
26887
1234
10371
29883
19917
11351
8228
18787
18099
25633
29840
17166
9918
24774
17237
17241
17849
12334
27338
16396
7469
17184
4282
28897
31882
5263
28375
5845
8767
84
21859
11530
6146
22303
3114
27670
18825
30544
686
13446
7741
4122
14238
8241
18272
17438
24570
19058
21967
18853
19883
26008
1154
5194
17953
19720
4262
18096
31288
7593
31063
28601
6699
6976
24556
21952
23054
27760
30008
2075
19955
21188
24591
18577
25981
11880
25368
26398
9175
9800
2382
1879
8199
26420
10431
15026
10824
3955
7451
9194
4559
20085
11131
27870
10633
5589
10656
6120
24140
2052
24841
23193
17231
20063
25888
21944
19436
6581
19
460
8385
9238
30082
26792
10503
21417
15829
10715
9182
873
719
16902
19454
23556
13715
29996
22824
3020
22760
1099
9444
20282
12422
20039
15148
28520
27035
25439
13907
22938
18098
3023
24576
27035
31299
26208
25245
25904
24841
17350
22952
21503
11930
20765
1507
12562
13950
19792
4838
31264
1797
30610
21762
20879
10602
17386
29243
21884
5088
30568
27885
2097
9302
22778
22223
28052
15035
10492
2061
25542
7246
4751
2564
23488
21779
12185
4074
29336
1356
26388
10054
14848
8165
8261
25164
8413
15583
12397
30782
19847
6596
13722
27638
8170
29235
9125
27672
15267
7135
7299
3900
31371
26085
28290
20369
3196
32365
653
20507
14885
12233
30818
5748
20355
32428
31913
32752
6555
21330
32225
28800
6651
19252
3193
7754
16127
32106
5127
31657
18816
10449
2350
27957
30015
15653
30872
26296
24585
8708
731
9242
22606
1707
2498
27293
8397
5048
27919
8076
31889
14568
25543
31116
5117
26189
1195
16648
7113
27821
29742
7656
9217
4791
21344
5889
2814
25005
20707
12309
29318
24068
452
4124
15589
14203
18236
23648
22983
18633
20554
25359
7816
4609
9899
28538
21968
5869
27079
14911
22359
13812
23475
25056
25917
16871
31749
24002
9344
1066
6578
13232
13481
4812
18505
22306
10699
6024
10366
2351
13532
13742
21613
26546
1464
7995
7406
5862
10357
15356
26385
12160
9543
3132
3422
23519
17972
19704
519
26354
15364
31062
17418
12047
9412
27910
26927
25207
13751
11172
21766
12798
21463
2626
16123
7911
3752
21874
21809
19428
2497
11471
5372
27503
29189
23086
16552
2426
29481
14324
6967
723
5335
30539
10659
19232
19134
11257
11449
22972
29045
26215
10819
14355
9268
31310
18045
1721
4500
15123
7314
3281
16733
31021
13948
24014
17856
25234
8192
2627
3216
1766
6982
12070
9552
21893
13090
11443
19490
6421
27055
12650
25736
15616
5982
17659
23119
6566
13254
15146
3575
421
9537
2210
29428
5678
504
29495
32255
14499
5545
20332
31468
29305
8611
7633
9321
18147
13433
7691
3445
11705
8421
21606
14893
5430
13673
10248
31579
26648
23366
4159
19750
7686
16772
5884
22213
15712
16306
26881
4477
26541
13774
12697
30022
32526
13248
23958
30986
16083
21571
22210
11086
18943
24298
32275
13788
10634
21983
20160
24438
953
4677
9377
30828
19502
9058
5375
8945
8057
32724
31247
14488
9219
5374
301
29369
2519
19973
1807
15759
18752
18113
29170
6145
1819
21160
20477
11595
22342
28668
25188
19525
153
25367
13322
22752
201
11045
12680
13013
6208
23654
27918
2567
28960
8659
22329
14598
26805
1496
20579
27026
11148
10056
8090
30906
16368
17137
1400
17538
22621
2550
17251
22593
19103
18721
19192
7543
13466
18605
3526
31965
20364
10669
26292
31828
15186
13807
6218
20685
6263
24277
17205
27021
19314
2058
28386
29100
4415
27622
1187
18312
32313
29236
4384
26873
1244
11101
5161
28008
5937
27780
3007
19663
24202
29050
7760
26356
31313
4235
27190
15204
26777
25451
16749
8802
30261
15494
15922
25016
16190
15316
5609
4900
32564
995
2274
2556
17921
2230
11304
13655
14602
4882
11131
27131
31769
158
18947
22481
8467
12646
29893
20217
28559
19408
25992
5427
29071
573
11312
13736
1780
16751
4752
25824
21890
1473
3415
32168
20238
26211
3921
25351
11797
11586
7845
32
26505
7603
2197
16512
26227
15307
24325
4961
25796
23520
4810
26109
26160
2146
1866
19553
4572
8326
5792
1912
30772
21965
18065
13545
28171
16385
22825
20125
64
13020
10968
4200
17003
12889
12490
19073
31844
19592
14995
13981
14514
28717
22725
4806
13395
28078
458
8849
4078
3068
31253
9682
15063
16646
4356
23215
14287
5989
7618
1438
27622
4053
7555
11940
12784
24318
8228
21871
9642
30679
5848
1635
9401
15321
28648
2144
7431
32404
26744
28137
31378
13126
25412
14851
17815
24046
21097
14654
23246
14637
5438
16670
16584
18300
15419
7756
12825
17699
14823
13356
32671
16726
14781
23930
12901
24797
31042
7347
27446
18569
23288
9980
2718
18547
4951
30774
32022
21363
22259
15377
23027
1121
14861
19151
2171
29404
32426
9850
26332
15538
32116
589
26873
31281
28047
7460
19883
26490
19311
6807
23836
8839
6922
2956
18947
21874
1310
20439
24446
2939
26677
9329
19638
31140
13231
21351
13306
11639
8412
687
28651
27808
14881
28951
31309
6877
23376
9213
23164
24340
21186
25056
2200
24461
25950
13531
23150
17699
16362
29406
4593
10765
3933
30255
24756
9921
2764
8224
20219
3400
5397
26423
31447
27085
12770
4708
7797
27494
14094
15699
24266
16844
4823
6913
1295
23558
26795
27740
17997
6121
7306
29491
25676
539
31216
6665
26646
18715
10378
15550
4429
29867
20504
11498
21293
22274
27696
31621
8116
14278
30680
9030
29744
10700
15765
12603
15503
28255
32262
5485
21585
22425
9178
23973
11626
25844
6370
30248
31159
11927
22659
16284
20021
11480
18141
557
10325
10087
1926
11154
12390
14328
11119
14513
18843
7392
27215
15119
8281
21213
31399
15569
26981
13365
22888
29181
22290
1230
10767
30119
19306
27425
25378
9278
2579
3525
19191
23732
20464
14395
27369
3485
4228
30743
28747
4521
16463
12961
14441
18108
4547
16372
30712
22547
29799
20460
19086
27437
31642
3014
8103
23447
18598
14877
30369
28760
25140
242
26753
17405
21229
29164
2532
4892
18254
10177
14978
32356
2036
28082
4207
14407
24495
7334
2621
27589
11879
11533
19825
28969
1368
11330
21206
9413
13517
20834
21175
5251
21177
10122
6041
32467
11368
5660
17982
26770
5425
25947
5652
20472
28659
24467
31264
6682
32509
14966
27508
19824
4620
6110
13056
3617
23000
10898
32268
27383
11894
7512
23074
6452
32311
29422
8447
5371
17652
8561
12874
27402
13727
7845
11774
21664
29115
24225
27859
16502
17892
19661
25402
16566
16741
6018
1246
25760
31681
31765
6052
20449
2946
24547
29692
29099
24014
12371
23034
28658
12729
11076
12869
3830
5489
28133
10677
27002
3627
18675
27420
16225
7134
19158
27629
14924
1665
11484
28808
18022
4828
32243
3736
17363
11682
11004
16752
29298
17461
5394
12006
10553
109
11532
9819
30712
3281
3633
24032
19484
31681
23884
29390
3831
10247
9147
2339
5241
17735
30136
21481
15474
6682
30866
31366
6140
31158
25128
24670
2545
32174
26490
20466
21428
31909
981
26047
9253
15308
8986
19366
15747
1291
17728
15795
32686
12796
23592
8539
10623
10163
13521
20104
8037
20485
17518
19326
5595
5418
15102
12271
14535
25950
22373
24078
17853
12450
3717
6424
9364
11104
836
5324
9958
86
14523
18340
9848
20915
776
12126
27785
29803
26464
3302
32334
2921
25395
21758
6147
10199
20342
32363
27860
3917
14366
32219
2685
24720
12449
17954
406
24051
11896
6534
24044
25095
28850
4140
25613
22066
18756
26406
3939
19768
23401
6908
26687
19825
30651
13222
3088
18266
3580
29784
1977
9283
20561
16151
17974
15666
26203
55
21863
8626
28584
20803
15233
12786
21719
11682
2541
29353
22088
17601
12405
30546
29385
4802
8186
12085
24648
28811
2799
29108
13569
12784
15413
28327
25685
19193
21610
8475
17030
2207
8469
17460
23685
17436
12425
12084
16722
5825
2638
15446
3656
19027
12069
27359
13475
5341
32564
20251
6941
15662
26633
968
5455
19296
12610
11209
14297
23593
13155
19981
30774
24217
27050
27975
9408
2062
29072
27486
1712
13019
8448
20901
30834
22844
13444
2919
23311
2399
22647
4400
4965
2985
20579
14454
3105
746
9834
20567
22356
9889
24136
2189
5741
1277
22842
3483
25853
25397
20408
4754
999
25092
12040
32049
21285
16797
30950
5833
11826
3882
25375
16738
13953
32543
1728
27982
25691
28071
5506
22288
12448
6824
13236
7163
13303
20777
4064
2508
27217
11194
1463
2187
13804
24274
23762
13821
8371
32726
23621
24549
1609
30464
27699
18353
3140
3672
28780
3244
6502
17590
18937
15217
5469
26352
24733
1492
27366
24695
203
11754
10808
3798
12376
5146
25696
9258
28964
20220
16124
26433
14131
8583
21998
23154
13220
4833
5509
728
2791
4656
11554
17897
28520
23059
26512
25766
5384
4173
193
16758
24349
5950
4103
3431
10398
31597
20552
32494
25346
28753
9965
23592
8579
31970
30808
13786
8454
20377
366
3813
7842
30066
12294
303
27395
28554
6076
27712
3449
24689
18881
19912
24292
3574
26484
3409
350
1039
14454
3555
28560
12696
18306
22569
18847
9826
15544
11154
13927
24354
22348
4363
14716
14680
25196
29414
9046
8582
9378
11057
26173
19613
3082
12576
28786
5661
4541
16537
19091
21817
16761
12748
5140
32497
23962
21646
23221
22103
12713
31432
322
12879
7079
8051
29666
18468
23847
893
21063
30261
27559
18009
15080
7566
31763
29069
10370
16565
27869
24969
18014
31808
59
24751
15266
21677
22957
16160
7662
16244
7045
3726
16491
23359
15110
24565
435
27368
28378
19777
9790
23978
28053
8709
21476
16556
11796
23590
4943
21642
24323
6550
26790
16041
27516
18165
13020
17111
23634
25479
32155
7275
3030
25705
25087
31625
6256
2775
30714
31964
7139
30208
7730
12583
21529
22810
3241
18934
28688
20586
10581
17115
23152
5867
27845
8162
31490
27771
9540
16537
7681
768
19933
6884
6927
20372
17305
8318
3092
14707
27739
1545
1235
4638
16189
25077
25711
1327
1042
31088
716
21576
29959
23206
3624
2027
2735
13658
27561
23960
1162
17119
31662
2773
25376
9886
27704
30584
15833
3747
15914
29599
5346
9804
27387
20551
16580
19355
1836
4788
14659
13317
25005
878
23597
22755
18053
6109
1793
31809
16913
13722
27776
4856
5356
16086
197
15890
18835
4287
8513
24800
16505
27157
16775
23983
26330
17313
12299
19778
1126
31734
6565
25942
14681
15702
2735
7034
7210
14606
3361
4741
8207
30218
22898
2475
23853
2448
31401
9158
15992
32416
234
16731
32494
30
31817
30407
23490
28818
8936
30003
6317
18798
32550
14124
26145
19641
15707
26539
16638
13884
18271
3080
2641
32612
10097
15418
9860
26630
2575
1050
895
23069
17263
20758
9730
31727
18476
29162
6248
5047
10465
1563
32314
20772
23163
828
12899
20458
15784
5863
27285
13421
2232
10648
25865
26557
18566
8407
19121
20122
12173
32715
10563
2868
19253
13340
17341
548
15476
3021
2828
29310
19707
14222
32034
5757
6109
2820
21235
31453
27981
1562
28206
17370
21798
29780
32613
3838
28639
14583
6015
18483
24522
26020
18201
32762
5396
32413
14468
9727
14293
8277
20136
22133
25255
24408
25618
4739
9394
31600
6311
17115
5637
25678
24350
27579
29188
3342
13462
665
13960
22528
17854
1870
12067
29547
10460
24968
23509
10536
21057
22602
8798
293
21194
8753
3243
23276
30133
24274
27250
2380
32002
23698
9494
5118
24963
4329
30076
16846
31362
4453
11308
6899
5562
13108
28418
4729
27949
23755
23890
25588
24233
27168
6015
17571
28457
3472
4487
31023
10710
21347
23584
1295
24037
4446
1654
30530
26139
19066
20913
28386
29630
5075
14246
17194
10535
26008
5914
852
19827
32206
13797
10177
9538
22162
13318
16769
17596
21576
25890
15289
5418
6605
4357
31865
11047
16577
31460
26724
18195
32297
535
23312
16916
21322
22438
31442
14618
8214
16243
19326
31275
15102
17359
9334
24810
24905
12110
29951
25958
15345
3802
17286
13225
25092
11335
8164
24082
7365
27349
1319
32381
7881
23241
3452
26054
19599
29427
25580
25053
5935
16621
16717
32337
12848
10404
19452
23600
30595
5409
734
30381
2113
1521
25973
1277
22812
32094
29306
992
11619
31614
20328
22816
8138
16003
17918
25550
12567
6626
6973
6651
19405
20497
10912
10036
1371
28675
1695
28064
28143
2732
26343
248
18481
19060
23563
32155
30865
20254
5937
19487
9543
2607
14810
23817
10345
14041
4899
11888
26090
12790
13472
6173
15849
12216
31095
5666
17506
15883
28933
12730
20592
7664
19922
27502
23582
832
15125
2125
17771
18068
23699
22335
12609
22148
6648
3479
640
17303
18715
12957
7161
16458
3185
4361
6700
23936
11250
27849
7758
24398
22504
4056
30563
16971
32495
18327
26135
3306
912
7325
11593
13364
5038
10955
17281
5038
19588
15858
3136
4495
900
30107
26217
21313
2415
12027
15757
6129
5030
9234
28379
14782
6014
331
12195
9626
27540
6618
475
4069
23528
588
30746
19400
26355
3843
23663
22181
2373
17042
13152
13801
1055
14666
23353
14020
16960
9927
11303
24086
12214
5564
14895
8808
13285
12180
25642
9497
18759
31834
7433
23080
19862
996
12343
12554
12040
4289
10469
31895
15214
1856
6419
26403
21121
26575
3561
711
7066
30973
29760
28032
5027
29011
23267
17992
22909
28990
23052
5569
22541
772
22799
7602
25368
23010
8887
15924
30425
19786
4669
6742
15690
29987
7638
29745
5861
24100
11070
7352
13469
31251
19935
3263
4546
30953
13397
29957
29514
9984
7075
15734
18310
2299
24963
4316
2552
7295
3515
14155
31431
25042
28468
2511
8625
6626
27633
16867
30517
29
6394
30452
25666
19615
12866
12998
13918
10484
30938
21325
10467
8433
23913
16506
19286
19498
5355
30615
5572
19334
27396
8443
3323
32465
10613
31053
2880
14669
14109
3404
21017
15256
9382
16233
23365
21431
22772
9639
16218
25716
16612
29578
14904
22729
6153
15202
23754
31732
31640
22290
10798
28571
26153
12024
27846
30237
15425
27604
32020
1406
26321
17365
30324
22482
23151
23381
27872
2914
32522
10468
12444
7990
22354
26016
4593
4031
26417
31849
4731
9907
32675
26618
31153
3304
6376
21571
18558
27709
16106
6150
25598
25725
8783
19684
12993
29979
26509
3124
27746
17375
4623
24791
32222
20569
8414
31610
22966
24195
15959
31360
1775
27843
7240
27583
31992
13871
28596
18550
25304
4930
1351
19847
31254
26191
11021
11672
6351
4330
4999
23822
27116
14067
20737
14858
5863
19316
142
12725
7561
19012
28596
23009
7024
4162
31688
14022
21432
29661
26010
10509
16492
7643
26322
7024
1196
4166
3906
24288
1651
6149
12807
15382
6823
28967
5352
17839
16574
12991
20244
21520
11747
12597
13686
12395
29858
22847
26099
26183
487
8758
11753
24492
19656
8258
8153
12368
7069
386
7219
31809
22942
24269
12228
18158
32389
79
32044
30001
5046
27070
332
23472
21889
19153
11191
14869
27997
16548
3076
32694
23335
10097
14819
13869
32291
1567
2821
6407
31094
24099
27360
21575
8450
25082
8120
17496
14026
17328
8394
861
4103
25033
1000
5011
17754
25341
2345
16641
28032
15571
26163
29874
1047
11750
31252
27814
10979
19695
1724
20207
32680
8272
2142
7845
1639
29266
3256
16716
9524
18995
6608
27191
30912
20914
11740
9515
26040
12865
86
20600
11390
12080
11572
30912
19922
18682
19955
24116
21264
2244
21630
16347
27858
31491
18263
16562
12982
28969
31010
25185
2054
28950
14651
9974
4105
3948
11265
15329
29836
25750
1586
23073
26148
7927
6010
30909
31205
24610
9931
9848
24244
8278
12174
21889
22790
22246
22703
31848
22190
5049
4504
22698
13450
10886
28384
27166
31699
11573
10977
20557
9989
96
28696
4838
4392
12178
26598
31063
704
20748
5911
11469
1665
20130
13521
8920
20291
5435
29001
17860
30235
14927
26635
29479
20218
16362
29358
22090
25754
26578
27152
954
18103
26723
29552
25040
25309
18129
8087
17343
28924
28359
10154
26414
17162
32685
27090
26
31601
2818
26998
1008
20102
6186
15423
4187
28414
14881
2744
31299
3448
29526
17453
3959
7804
11918
17213
12478
16274
16435
5519
4267
6412
9492
7895
2463
28433
2561
1623
25396
16490
16737
29241
16680
24562
23580
29554
26787
21432
30800
7083
15570
9366
10423
20937
7654
7617
7899
31448
21002
26782
5462
32595
32751
21829
26238
12005
1971
15921
9392
31095
15728
9431
29619
18423
32056
8950
32190
6104
11616
15098
11335
7979
5218
30950
2136
32133
18237
13613
19842
22650
24605
28184
14341
10373
29727
24320
21391
31253
14806
23470
8452
13803
30495
15057
5939
20592
2142
30858
28793
22580
28932
5750
31426
6248
29599
3660
31601
24681
27432
22691
26538
30338
10685
25909
17674
25263
30861
14642
17075
8341
17251
30543
12647
3012
6502
17935
11950
32700
19421
27636
1177
8962
7514
23856
7649
25739
13941
30583
27610
310
22978
10070
7546
30399
10749
29748
14869
27739
5832
31290
19521
24520
1154
4108
15904
20096
24470
9273
21714
32695
31322
1722
25559
2674
690
17422
9524
14324
20823
24434
235
28879
22072
16837
10172
1522
12308
9464
24138
27124
23786
9833
23201
19580
13422
31789
10424
26671
5094
1843
24272
18665
4274
20999
7341
23061
28287
184
29884
2935
767
25595
10602
16609
19530
22772
11884
23385
27609
20084
22332
25743
14028
20047
21826
5149
12405
29414
9468
29643
25171
24058
8728
7350
18892
15531
22271
20053
25117
32225
5982
19859
18443
26387
17692
21976
7105
24567
10094
25860
14172
12718
21190
8019
22354
8199
1844
13910
858
12040
29585
3197
5501
4960
13629
1277
6812
19658
6210
25095
2365
17664
19688
22425
9967
28442
20290
14127
3850
10400
27798
8759
30292
11504
26129
5006
30372
16355
32012
25704
6517
1665
9775
10202
6427
23032
20418
31784
805
13174
16534
23520
7741
4658
20040
32042
1760
2662
26622
32734
28029
21740
32254
2623
21439
17630
28598
14534
8614
19554
1947
11051
25622
8306
30570
11536
7292
27887
1263
7790
29958
10944
16374
1238
8807
20270
2905
8056
14423
9355
22634
17999
11835
28269
24426
20048
11099
14267
12753
16402
1137
25881
3663
3933
24725
9000
14077
24671
21570
32150
20763
4127
15029
7932
32367
22775
6781
23756
32517
31954
26666
24145
17661
24942
17806
15491
872
29004
3399
28084
1832
3751
9498
10145
28117
29953
21857
9450
22982
8974
8404
29472
5941
15160
6696
30652
7565
15728
20266
27830
28334
3662
18279
4331
20747
22063
548
12517
22029
13871
29705
19614
17067
8877
25962
26972
15362
18614
31870
27449
7334
4173
29775
9369
3360
29895
821
24765
27362
24543
1595
12029
4709
21249
12801
6425
1785
32127
19014
25508
23002
5698
5420
21371
26002
5719
19586
14618
8659
19078
26523
8315
9151
6717
28187
29772
21627
4163
29709
15078
11869
2099
7536
29614
17655
22760
3011
20950
4765
22889
10674
11963
16184
13231
18758
22629
30834
24987
9076
13630
8998
26565
28710
4751
12693
30582
1719
7126
9802
29730
3786
8066
26138
2744
1547
3970
18850
23489
32647
13669
21478
21406
19196
13756
28491
799
3724
26158
1703
1472
15174
13306
14078
5933
27118
20877
15239
24772
9104
31422
10443
21064
12645
11686
7315
14002
6056
16907
12358
55
22799
12326
27255
23194
2139
19374
12310
6970
16693
17198
14964
13334
13175
3945
1039
18096
30968
15308
7187
27965
29793
19946
5861
15838
32097
5063
14932
12777
1872
19802
6250
2955
6943
25503
13817
19235
16710
8751
26108
21755
25311
25557
26936
10795
13472
4536
28769
11273
12620
17027
30073
6518
22593
14402
15849
11146
5678
25805
1504
25552
12623
3878
13265
6858
2268
28464
23415
7798
7429
751
20746
16914
19870
2344
17006
30291
32346
29348
7814
10479
7349
23524
2249
31226
23922
8997
10297
25447
10531
30024
27642
12336
30875
16902
24241
28563
25948
20320
26117
31634
25635
1425
11653
21688
14593
16978
14105
5204
22494
20659
14014
12670
178
23023
4120
14343
6691
13008
15579
30021
9266
30374
10762
12408
16462
1970
23957
10109
12914
3141
11355
11660
25154
32127
21133
30745
25557
30056
15946
11464
20227
32486
32195
22377
29783
18302
24183
32514
4577
5803
29814
17500
19345
18945
14032
20861
8328
3988
26193
31788
20598
10970
10701
32100
31034
8694
16376
21604
6903
8508
10821
13869
28344
9393
1748
6359
2058
9721
22190
29289
27797
1235
11
5168
12402
11807
10526
11508
4022
8708
3716
8204
5905
9207
31264
9794
26494
15090
5993
4492
18148
30532
12622
10957
12980
32105
17831
3514
25947
27060
881
19046
12466
16271
6154
3400
15245
23786
14695
17464
3894
31374
23074
18524
24013
24629
27420
19114
12632
24426
29912
22173
9271
14720
10708
28242
8746
9351
29415
27768
29984
24298
5669
13283
9045
16128
17849
18153
18293
30826
15011
17884
17484
12165
3023
2469
32192
7340
11287
14327
4681
14740
20141
23964
25382
30440
9558
3486
19024
28815
25256
16341
31962
880
20736
31902
15256
22006
23137
29368
20450
7462
32703
11805
8461
7574
978
3657
110
3895
11312
15755
17033
20850
20934
23979
10314
12458
4170
13205
17042
23863
31633
4354
16767
6671
1288
9467
13402
15729
8164
31245
2463
29205
4536
5805
25250
21804
26112
17816
18700
3639
2619
20534
25564
22633
1198
6198
13187
3821
16297
3390
16238
9264
3726
12072
6070
20507
24551
29525
31112
7872
2805
11219
1260
23980
6628
9552
25992
5326
14939
18868
426
3513
14460
3826
23230
6002
6655
3134
407
2432
3274
29373
226
11608
11470
14355
3411
25033
9199
30873
8729
21386
25272
16675
1967
16241
20373
25635
4174
5821
7855
8437
23507
7701
12551
24854
10791
15274
24967
3608
32414
21941
14402
17395
25430
32263
11964
22868
17747
5189
993
30171
9072
11592
32381
3196
25459
23177
5717
204
31183
12111
8647
26030
17610
22748
9456
10392
24713
31342
5147
12345
17518
25732
27956
14113
2704
12036
27037
30127
1459
28827
7821
28781
20153
28817
28263
24807
13325
26311
19559
11212
3128
30863
6426
22474
13005
25323
62
3294
1618
11426
872
32544
23587
15641
26335
29512
19121
21838
7463
7942
7637
25152
6735
2901
14920
27210
20744
11062
15152
7263
27992
1274
4660
16185
22270
24685
24765
17155
22170
23345
18038
17708
9562
2031
1940
24144
4518
19040
17244
3675
7814
14608
3742
23566
26031
1253
6288
24246
23430
4194
26598
22387
31673
24560
19260
9883
14503
1570
24261
32621
783
29723
16704
5125
10277
26050
17223
8022
5887
5389
18226
23139
18950
4663
7588
11699
819
18065
5552
2947
25997
16032
10647
15795
3628
15703
26797
351
13127
6936
1774
14033
10016
24968
1398
16576
18919
11621
30927
2519
20738
5548
30815
26487
23983
19908
14009
24617
20589
30947
18794
2033
32197
27136
31621
1341
15416
11628
21508
8612
28270
21510
4473
26891
4763
20535
7395
7085
11742
30494
3666
30487
13698
3924
2781
26425
6634
3491
7393
18811
30995
823
25751
14552
8346
6654
19418
29325
17030
17305
4952
17346
12234
19821
30946
32094
20772
23454
10508
187
6299
5652
22859
7482
30180
2279
6599
2103
11404
23339
16250
8601
26994
4130
24112
16355
31243
14226
29299
580
2036
28564
5124
15285
3030
24926
9350
6283
8862
2313
31401
3309
16571
29448
18795
22551
6209
1781
3388
7040
5767
11389
30917
2915
23156
8983
3966
17270
7384
1266
276
6792
9257
20755
3030
18537
13630
18087
12398
25335
8094
4112
20574
8736
16520
28982
16018
1496
27623
12405
9331
22089
5449
14361
17460
28297
7839
30831
6272
10783
5201
5830
27962
8435
1061
21404
17642
10584
30881
16426
9043
27312
30469
17802
6134
21356
6425
4252
7943
24505
17500
12780
11217
22531
21361
30987
32292
16522
23337
10483
4304
1864
14415
2136
8318
30649
28313
14994
6350
8945
10774
21021
19398
27534
31137
1199
14644
15334
7284
22308
8509
22852
21303
27665
10362
11831
28942
6817
29941
17936
30989
7595
31988
18695
4681
19154
25382
31645
17017
14792
7739
29012
28801
19936
20957
23591
22591
14200
23676
6839
6390
5437
7044
20639
5882
13560
13655
13606
28233
9890
1799
3383
29834
23455
30766
27305
7689
7854
21153
29794
6897
32370
7240
4244
3101
281
19773
9383
841
25979
5945
20229
28600
20863
6510
20582
8914
23023
3600
6725
28148
2920
5064
24339
2112
29646
14172
18358
9640
24949
28090
10962
6152
32200
30807
25385
24063
22667
21408
29828
22650
23389
27684
27722
15740
15054
32762
15504
13748
28498
17470
30280
10156
27231
14726
18325
23943
4348
13812
31288
19317
10797
4120
27979
6551
22530
11849
22378
18405
11017
8005
8121
1912
8162
20284
18577
20571
23083
1163
1302
2880
18809
23382
2785
5630
12921
23773
29150
31041
28069
16635
25713
29950
7452
18677
28848
28683
12681
14808
18329
22685
884
27875
30842
14268
22868
15809
28319
13424
32256
2926
7906
12384
18322
31963
11918
9250
24178
22432
1278
4830
25907
10460
16503
1627
1857
32037
21022
2708
6792
11767
23942
22628
14983
17805
2215
23263
15218
5320
3129
6413
24767
16386
5654
20019
5310
1301
23112
227
23770
8735
16688
21931
6051
32186
30769
2223
30347
23345
10744
11228
11968
4421
3062
3265
3109
10184
32043
18900
22033
6729
26143
13737
7818
10005
11833
25825
19893
35
22138
16178
9598
9002
29789
12888
25466
9332
29054
24007
22244
15415
26926
5594
22042
5148
637
13690
3092
6619
9051
357
21994
6411
24257
824
2305
23303
24660
22175
4879
27603
17842
19061
29366
22329
9515
28528
23061
21007
29848
25824
30462
27101
31710
26902
29337
23909
20743
16570
17094
13052
5893
414
21513
27505
2480
8604
20961
25779
26014
13763
22067
25640
9177
18581
25324
6121
2470
16120
10945
8222
18377
9503
22703
7181
27014
31805
14302
9075
3677
13913
17162
4037
32154
26224
5858
32495
13213
26297
18847
2803
10225
2905
9541
29898
15883
26750
24210
30013
6684
22717
1924
9041
17332
9521
31422
5658
9150
17898
13232
10465
28438
12429
18980
12632
18577
30491
19205
27832
20540
17191
29993
13084
18752
11692
10339
19197
29978
22508
3468
13229
19273
31857
32547
2862
11079
7630
24756
2243
27623
14013
20712
1726
17258
9521
24578
22681
22426
2997
29877
24137
11178
27451
16932
9879
21741
24457
25655
6189
27614
29028
9194
31133
31961
15439
14740
32627
10034
6479
19788
23871
7510
5994
26294
23355
22800
22661
13435
10994
9491
16797
25362
31772
23623
4329
25437
12784
10604
17398
6031
29352
8971
25359
14193
11597
14774
1344
1928
15569
25524
4643
3429
9802
968
4273
2232
9460
16590
27741
3250
15687
11946
23050
28512
16300
27029
23131
21329
12308
12819
12531
29523
10756
14035
29922
32380
20938
27735
1175
13258
21005
29948
32063
29533
4544
30997
30278
5371
7424
4576
19196
16156
2071
16062
2585
16371
16710
12535
20868
20330
5083
24921
18508
15491
1967
5141
8901
30054
12246
13543
958
830
13626
8149
2307
20908
14106
25987
12362
4265
31972
10185
7829
4956
21087
30774
25618
715
15034
16936
31852
13250
23016
21417
11655
22316
18324
31273
25164
5702
32428
28654
17984
23698
19127
3609
18498
13337
8309
9110
3080
10854
24772
2615
21571
7773
13715
25444
1059
27961
3715
31059
32166
20449
6856
25547
19597
3015
23064
31864
26346
26524
29608
28240
3765
19027
18753
27566
7915
1445
14442
29929
7915
12169
31340
2003
20124
3242
5660
10677
22937
7757
7391
7609
4405
23416
30392
27440
19904
5518
27609
4249
24552
5878
20220
11991
26613
11150
6480
2024
24294
6074
28994
31062
18901
5970
23213
22417
11386
7510
17226
29310
23418
21439
27231
12597
26070
6767
11029
14859
19451
3906
24652
31640
29584
4348
17422
11443
24065
27200
27021
23082
11564
23215
15024
15907
11580
3986
2672
27863
17395
25536
1527
30110
6654
16677
4934
11982
30610
15324
16795
19908
18929
9952
30030
4824
23363
26018
17483
27778
8734
4068
31385
11730
23807
17327
17177
31282
4504
16723
31936
32605
22744
31152
28679
11625
26990
1933
25049
18188
1066
4849
23186
28703
12659
5923
22179
6513
31352
5874
10058
7388
1101
4003
24888
21620
17530
263
9353
23303
29003
17440
27402
32757
760
3061
22638
20091
17485
25041
2571
32642
31816
11008
13413
11772
7367
6723
26417
27414
19430
12292
625
6594
23215
19835
8713
8679
28075
10737
24366
4421
31465
10698
22686
2803
9158
29211
31884
30404
5669
31003
1089
27482
10844
12151
22612
16508
23367
15420
18302
20311
9758
17096
12934
8377
4135
13265
14299
25221
16799
29714
398
17907
2277
18735
32135
21478
25159
29636
7042
4308
4536
632
12790
19492
29701
18448
23789
4164
683
28166
5081
22505
12108
31332
453
22561
12617
22220
6807
728
25300
27568
19860
25854
32252
737
24319
4078
7612
26325
20374
24249
4700
2940
11110
30106
10324
32460
22960
29526
27185
27799
23086
22203
16686
21724
25978
24206
25812
25917
23463
20368
17854
1710
22390
21981
16302
29934
24372
3501
2216
27744
27007
27989
2924
7787
20633
16733
31973
31360
1672
31834
15322
15218
26342
13163
31482
21708
22776
13235
28620
26224
29679
29534
27681
13655
12838
1227
638
28063
32707
11359
28319
13695
650
25039
1129
16807
32735
22989
30268
9784
23208
1516
2035
15656
10923
27137
13000
14895
6346
8128
9627
11970
4130
29734
6620
2915
13794
24585
8518
13804
20411
12172
24209
19940
30337
17650
3805
10154
22542
18554
28453
4162
9210
3886
26423
10631
447
20321
2439
10561
6979
29406
9515
21962
30860
28770
3000
11420
30067
11264
32583
26054
31231
30342
512
9828
12188
20319
8709
18840
18346
8142
23392
12097
6486
7134
27142
299
23460
6729
32535
24101
6227
7949
17006
29751
3279
11352
25557
27681
10328
22576
1914
1115
6603
89
30893
19481
17927
12436
27023
19891
24168
13955
1208
2087
4434
27010
7478
25693
19571
14988
28057
32218
14390
9593
117
22782
25351
5835
16208
22363
24948
18642
2878
13791
30666
6450
21672
15386
9142
11005
653
10622
28062
19287
3465
25995
23436
27625
27815
7757
6591
3191
5145
21086
24879
4019
30222
15343
26095
24812
32433
20944
21860
18681
3892
24086
18153
1928
8238
25273
5360
19354
4838
2661
11798
23599
19691
10154
14408
19077
10954
3958
16469
12782
22685
25303
25216
31639
17663
32546
15895
12248
21223
5544
3171
23417
9744
10265
16873
31904
13834
4614
2550
10680
5413
31202
3943
31392
20316
30793
11084
26755
13262
25042
26230
4795
3131
18432
12570
21559
12221
17973
31962
28326
31478
21363
18286
22475
28346
20525
26983
15359
8226
30315
10802
1254
19314
22143
21789
13987
19414
27500
13424
31698
23971
9453
29380
23752
9872
31050
12904
29805
28119
5079
12385
25528
1826
3855
29240
31604
7168
30988
18582
11152
8352
17318
4270
11532
13744
28182
4206
27323
21969
10716
29182
12965
5565
23668
1475
29750
10947
7109
21779
30204
8342
9095
20108
27155
24414
28515
1980
7750
21129
21914
10505
23931
21716
31903
20102
31016
3705
20704
23863
7950
28148
27204
28983
10443
30084
31606
8605
10628
14724
20849
7086
2812
29300
21267
9658
8644
8256
2298
32680
17058
18022
9101
13223
16340
21007
8477
6418
8996
25568
20020
4859
16744
26175
29032
10593
31801
24330
14708
11883
14357
6104
9278
11871
8120
6190
14848
29903
6765
14741
2966
24740
19680
22661
21981
22962
2667
18665
23246
18531
14278
20314
21290
3152
4812
18420
8954
32006
27174
16487
26713
29106
12911
16114
11844
16023
27413
244
25235
22076
21875
10679
27220
25037
1234
10947
2711
6101
18261
25584
30073
3947
5069
8250
31940
28880
10695
6956
3472
16797
775
29279
25399
20076
16986
31759
32762
20859
1970
21772
19875
20865
13000
5559
26986
31048
1738
1296
11626
11214
16048
21689
26066
4068
30991
25879
3092
6802
2054
